6.137168596011496646e+01 2.003031129239332131e+02 4.209654470550605652e+02
6.827001472232265655e+01 1.948787245637003593e+02 4.015714663071161112e+02
5.303117156749887329e+01 1.100769577286009451e+02 2.365362208174258285e+02
5.953748530199396072e+01 9.441262027645224464e+01 2.720154171555061566e+02
6.711591844805707296e+01 1.844445432342279219e+02 3.649854124977632068e+02
6.458325617997127210e+01 1.576184711110671799e+02 3.846104216598285461e+02
6.216201559577540792e+01 1.942779512407348079e+02 4.166696604477257324e+02
6.316385961962954809e+01 1.754542381433480500e+02 4.174132093128241081e+02
6.234665200873237012e+01 1.708189010625305286e+02 3.723129800942879797e+02
6.704438997393084776e+01 8.622524279770075850e+01 2.343673150153610436e+02
